[
    {
        "shapes": [
            "0220:0332,0336,0336,0366,0333,0333,0333,0333,0330,0335,0335,0367,0366,0330,0335,0335,0333,0333,0333,0333,0367,0337,0337,0332,",
            "0221:0336,0336,0201,0336,0330,0201,0330,0337,0201,0336,0330,0201,0330,0337,0337,0337,",
            "0222:0336,0331,0221,0221,0331,0331,0336,0330,0337,0337,",
            "0223:0336,0336,0333,0331,0337,0200,0336,0336,0336,0330,0332,0341,0330,0330,0341,0330,0330,0341,0330,0330,0341,0332,0332,0341,0332,0332,0341,0332,0332,0341,0331,0331,0341,0331,0331,0341,0331,0331,0341,0333,0333,0341,0333,0333,0341,0330,0330,0341,0332,0332,0341,0330,0330,0341,0333,0333,0341,0332,0331,0337,0337,0337,0337,",
            "0224:0332,0332,0223,0333,0333,0333,0333,0223,0332,0332,0222,0333,0336,0330,0337,0220,0332,0332,0220,0331,0332,0336,0336,0335,0335,0336,0331,0337,0220,0330,0335,0335,0336,0330,0332,0336,0333,0331,0337,0141,0365,0330,0330,0330,0337,0337,0330,0333,0333,0330,0336,0336,0336,0333,0337,0162,0365,0333,0333,0333,0333,0333,0333,0333,0333,0333,0333,0333,0333,0333,0333,0333,0333,0162,0365,0337,0337,0330,0331,0332,0332,0332,0332,0332,0332,0332,0331,0331,0336,0336,0330,0334,0330,0331,0331,0331,0336,0333,0337,0337,0336,0330,0337,0220,0335,0332,0336,0141,0365,0337,0337,0337,0330,0333,0333,0336,0333,0333,0331,0336,0331,0332,0336,0332,0337,0337,0337,0337,",
            "0225:0224,0333,0336,0336,0336,0332,0337,0366,0332,0332,0332,0332,0332,0332,0332,0367,0331,0366,0333,0333,0333,0333,0333,0333,0333,0367,0330,0333,0310,0337,0366,0336,0332,0332,0332,0332,0332,0332,0332,0332,0332,0337,0367,0336,0313,",
            "0260:0224,0333,0336,0336,0336,0332,0337,0366,0332,0332,0332,0332,0332,0332,0332,0367,0331,0366,0333,0333,0333,0333,0333,0333,0333,0367,0330,0333,0310,0337,0366,0336,0332,0332,0332,0332,0332,0332,0332,0332,0332,0337,0367,0336,0313,"
        ],
        "glyph": "0224,0333,0336,0336,0336,0332,0337,0366,0332,0332,0332,0332,0332,0332,0332,0367,0331,0366,0333,0333,0333,0333,0333,0333,0333,0367,0330,0333,0310,0337,0366,0336,0332,0332,0332,0332,0332,0332,0332,0332,0332,0337,0367,0336,0313,",
        "w": 1366,
        "h": 672,
        "x0": 683,
        "y0": 336,
        "x0rel": 0,
        "y0rel": 0,
        "unit": 100,
        "imgurl": "",
        "imgw": 2,
        "imgleft": -1,
        "imgtop": -1
    },
    {
        "shapes": [
            "0220:0336,0336,0336,0201,0330,0201,0330,0201,0330,0201,0330,0337,0337,0337,",
            "0221:0336,0336,0336,0201,0336,0336,0330,0201,0330,0201,0330,0337,0337,0201,0336,0336,0330,0201,0330,0201,0330,0337,0337,0201,0336,0336,0330,0201,0330,0201,0330,0337,0337,0201,0336,0336,0330,0337,0337,0337,0337,0337,",
            "0222:0334,0336,0331,0337,0330,0335,0221,0221,0335,0330,0335,0221,0221,0334,0201,0334,0221,0221,0335,0331,0201,0201,0335,0220,0220,0335,0342,0335,0335,0336,0201,0334,0337,0201,0201,0334,0336,0201,0337,0330,0330,0330,0201,0201,0336,0201,0334,0337,0201,0201,0334,0336,0201,0334,0337,0220,0220,0335,0330,0335,0221,0221,0335,0342,0335,0335,0201,0334,0336,0333,0337,0330,0330,",
            "0223:0222,0222,0222,0222,0222,0222,0334,0336,0331,0337,0221,0335,0335,0333,0333,0220,0335,0330,0330,0335,0220,0332,0332,0335,0335,0220,0335,0330,0330,0335,0220,0335,0331,0331,0335,0220,0335,0330,0330,0335,0221,0334,0201,0334,0201,0334,0201,0330,0330,0330,0330,0330,0330,0330,0330,0330,0330,0330,0330,0201,0334,0201,0334,0201,0334,0330,0334,0333,0333,0333,0333,",
            "0224:0332,0336,0336,0366,0337,0337,0333,0336,0336,0330,0335,0335,0367,0366,0335,0335,0331,0333,0333,0333,0333,0367,0337,0337,0332,",
            "0225:0223,0335,0331,0333,0224,0334,0336,0333,0336,0336,0332,0331,0337,0337,0162,0365,0330,0330,0330,0332,0332,0332,0332,0336,0336,0333,0337,0337,0224,0336,0330,0141,0365,",
            "0260:0223,0335,0331,0333,0224,0334,0336,0333,0336,0336,0332,0331,0337,0337,0162,0365,0330,0330,0330,0332,0332,0332,0332,0336,0336,0333,0337,0337,0224,0336,0330,0141,0365,"
        ],
        "glyph": "0223,0335,0331,0333,0224,0334,0336,0333,0336,0336,0332,0331,0337,0337,0162,0365,0330,0330,0330,0332,0332,0332,0332,0336,0336,0333,0337,0337,0224,0336,0330,0141,0365,",
        "w": 1366,
        "h": 672,
        "x0": 683,
        "y0": 586,
        "x0rel": 0,
        "y0rel": 6.4843561502500044,
        "unit": 38.55432894295315,
        "imgurl": "",
        "imgw": 2,
        "imgleft": -1,
        "imgtop": -1
    }
]